Best PID parameters:
Kp = 0.9499572511664431
Ki = 0.4809112304222192
Kd = 0.27781057469620996
