Best PID parameters:
Kp = 0.024123547041272453
Ki = 0.004592346868221199
Kd = 0.0