Best PID parameters:
Kp = 0.18432525226984386
Ki = 0.4016870962908968
Kd = 0.1683422540399918
