Best PID parameters:
Kp = 0.015793616409355084
Ki = 0.0021037680922204485
Kd = 0.0