Best PID parameters:
Kp = 0.0163489521473263
Ki = 0.06753597664432938
Kd = 0.00091347237377024
