Best PID parameters:
Kp = 0.009281322729583848
Ki = 0.00038104386621294064
Kd = 0.0009487542567878479
