Best PID parameters:
Kp = 0.027474276679103744
Ki = 0.021464731716064094
Kd = 0.0
